,0,1,2,3,4,5,6,7,8,9
Q9VZ23,0,1,8,18,30,,,,,
P32835,0,1,8,18,30,0.0,1.0,8.0,18.0,30.0
P42558,0,1,8,18,30,,,,,
P28748,0,1,8,18,30,,,,,
P41916,0,1,8,18,30,,,,,
P79735,0,1,8,18,30,,,,,
O17915,0,1,8,18,30,,,,,
P32836,0,1,8,18,30,0.0,1.0,8.0,18.0,30.0
P41917,0,1,8,18,30,,,,,
Q6GL85,0,1,8,18,30,,,,,
Q8H156,0,1,8,18,30,,,,,
Q7ZZX9,0,1,8,18,30,,,,,
P33519,0,1,8,18,30,,,,,
P38544,0,1,8,18,30,,,,,
Q9VUN3,0,1,8,18,30,0.0,1.0,8.0,18.0,30.0
Q61820,0,1,8,18,25,30.0,,,,
P38545,0,1,8,18,30,35.0,,,,
P41915,0,1,4,8,18,30.0,31.0,,,
P54765,0,1,8,18,30,,,,,
Q9FLQ3,0,1,8,15,18,30.0,,,,
P38546,0,1,8,18,30,,,,,
P41914,0,1,4,8,18,30.0,31.0,,,
P38547,0,1,8,18,30,,,,,
P38542,0,1,8,18,30,,,,,
Q74ZA9,0,1,8,18,30,0.0,1.0,8.0,18.0,30.0
Q8TFK3,0,1,8,18,30,0.0,1.0,8.0,18.0,30.0
Q7RVL0,0,1,8,18,30,0.0,1.0,8.0,18.0,30.0
Q9P4E9,0,1,8,18,30,0.0,1.0,8.0,18.0,30.0
